# Theoretical covariance matrix of the noisy responses for N=1000000 and J=100000
2.499993673989375581e-07 0.000000000000000000e+00 0.000000000000000000e+00 0.000000000000000000e+00 0.000000000000000000e+00 0.000000000000000000e+00 0.000000000000000000e+00 0.000000000000000000e+00 0.000000000000000000e+00 0.000000000000000000e+00 0.000000000000000000e+00 0.000000000000000000e+00 0.000000000000000000e+00 0.000000000000000000e+00 0.000000000000000000e+00
0.000000000000000000e+00 2.499999930554356227e-07 0.000000000000000000e+00 0.000000000000000000e+00 0.000000000000000000e+00 0.000000000000000000e+00 0.000000000000000000e+00 0.000000000000000000e+00 0.000000000000000000e+00 0.000000000000000000e+00 0.000000000000000000e+00 0.000000000000000000e+00 0.000000000000000000e+00 0.000000000000000000e+00 0.000000000000000000e+00
0.000000000000000000e+00 0.000000000000000000e+00 2.499980591871241780e-07 0.000000000000000000e+00 0.000000000000000000e+00 0.000000000000000000e+00 0.000000000000000000e+00 0.000000000000000000e+00 0.000000000000000000e+00 0.000000000000000000e+00 0.000000000000000000e+00 0.000000000000000000e+00 0.000000000000000000e+00 0.000000000000000000e+00 0.000000000000000000e+00
0.000000000000000000e+00 0.000000000000000000e+00 0.000000000000000000e+00 2.499994287092691578e-07 0.000000000000000000e+00 0.000000000000000000e+00 0.000000000000000000e+00 0.000000000000000000e+00 0.000000000000000000e+00 0.000000000000000000e+00 0.000000000000000000e+00 0.000000000000000000e+00 0.000000000000000000e+00 0.000000000000000000e+00 0.000000000000000000e+00
0.000000000000000000e+00 0.000000000000000000e+00 0.000000000000000000e+00 0.000000000000000000e+00 2.499996247925278076e-07 0.000000000000000000e+00 0.000000000000000000e+00 0.000000000000000000e+00 0.000000000000000000e+00 0.000000000000000000e+00 0.000000000000000000e+00 0.000000000000000000e+00 0.000000000000000000e+00 0.000000000000000000e+00 0.000000000000000000e+00
0.000000000000000000e+00 0.000000000000000000e+00 0.000000000000000000e+00 0.000000000000000000e+00 0.000000000000000000e+00 2.499991619733436807e-07 0.000000000000000000e+00 0.000000000000000000e+00 0.000000000000000000e+00 0.000000000000000000e+00 0.000000000000000000e+00 0.000000000000000000e+00 0.000000000000000000e+00 0.000000000000000000e+00 0.000000000000000000e+00
0.000000000000000000e+00 0.000000000000000000e+00 0.000000000000000000e+00 0.000000000000000000e+00 0.000000000000000000e+00 0.000000000000000000e+00 2.499998216903848192e-07 0.000000000000000000e+00 0.000000000000000000e+00 0.000000000000000000e+00 0.000000000000000000e+00 0.000000000000000000e+00 0.000000000000000000e+00 0.000000000000000000e+00 0.000000000000000000e+00
0.000000000000000000e+00 0.000000000000000000e+00 0.000000000000000000e+00 0.000000000000000000e+00 0.000000000000000000e+00 0.000000000000000000e+00 0.000000000000000000e+00 2.499987901906216877e-07 0.000000000000000000e+00 0.000000000000000000e+00 0.000000000000000000e+00 0.000000000000000000e+00 0.000000000000000000e+00 0.000000000000000000e+00 0.000000000000000000e+00
0.000000000000000000e+00 0.000000000000000000e+00 0.000000000000000000e+00 0.000000000000000000e+00 0.000000000000000000e+00 0.000000000000000000e+00 0.000000000000000000e+00 0.000000000000000000e+00 2.499997993355045101e-07 0.000000000000000000e+00 0.000000000000000000e+00 0.000000000000000000e+00 0.000000000000000000e+00 0.000000000000000000e+00 0.000000000000000000e+00
0.000000000000000000e+00 0.000000000000000000e+00 0.000000000000000000e+00 0.000000000000000000e+00 0.000000000000000000e+00 0.000000000000000000e+00 0.000000000000000000e+00 0.000000000000000000e+00 0.000000000000000000e+00 2.499999935943004078e-07 0.000000000000000000e+00 0.000000000000000000e+00 0.000000000000000000e+00 0.000000000000000000e+00 0.000000000000000000e+00
0.000000000000000000e+00 0.000000000000000000e+00 0.000000000000000000e+00 0.000000000000000000e+00 0.000000000000000000e+00 0.000000000000000000e+00 0.000000000000000000e+00 0.000000000000000000e+00 0.000000000000000000e+00 0.000000000000000000e+00 2.499987274957710076e-07 0.000000000000000000e+00 0.000000000000000000e+00 0.000000000000000000e+00 0.000000000000000000e+00
0.000000000000000000e+00 0.000000000000000000e+00 0.000000000000000000e+00 0.000000000000000000e+00 0.000000000000000000e+00 0.000000000000000000e+00 0.000000000000000000e+00 0.000000000000000000e+00 0.000000000000000000e+00 0.000000000000000000e+00 0.000000000000000000e+00 2.499993776400663810e-07 0.000000000000000000e+00 0.000000000000000000e+00 0.000000000000000000e+00
0.000000000000000000e+00 0.000000000000000000e+00 0.000000000000000000e+00 0.000000000000000000e+00 0.000000000000000000e+00 0.000000000000000000e+00 0.000000000000000000e+00 0.000000000000000000e+00 0.000000000000000000e+00 0.000000000000000000e+00 0.000000000000000000e+00 0.000000000000000000e+00 2.499969728535203887e-07 0.000000000000000000e+00 0.000000000000000000e+00
0.000000000000000000e+00 0.000000000000000000e+00 0.000000000000000000e+00 0.000000000000000000e+00 0.000000000000000000e+00 0.000000000000000000e+00 0.000000000000000000e+00 0.000000000000000000e+00 0.000000000000000000e+00 0.000000000000000000e+00 0.000000000000000000e+00 0.000000000000000000e+00 0.000000000000000000e+00 2.499888200327073682e-07 0.000000000000000000e+00
0.000000000000000000e+00 0.000000000000000000e+00 0.000000000000000000e+00 0.000000000000000000e+00 0.000000000000000000e+00 0.000000000000000000e+00 0.000000000000000000e+00 0.000000000000000000e+00 0.000000000000000000e+00 0.000000000000000000e+00 0.000000000000000000e+00 0.000000000000000000e+00 0.000000000000000000e+00 0.000000000000000000e+00 2.499999935850561549e-07
# Theoretical covariance matrix of Ps for N=1000000 and J=100000_F=[1, 1]
1.249997273676496049e-07 -1.314587185394601630e-13 -3.124997239568994205e-08 -6.249982116951765301e-08 3.124984625257957601e-08 3.124997239568992881e-08 6.249982116951765301e-08 1.314587185295339957e-13 -3.124997239568992881e-08 3.124984625257957601e-08 -1.314587185394601630e-13 -9.089066814200851320e-40 -6.249982116951765301e-08 1.314587185394601630e-13 3.124997239568994205e-08
-1.314587185394601630e-13 6.249982116951765301e-08 3.124998023254627705e-08 1.314587185394601630e-13 3.124984345821953738e-08 -3.124998023254626382e-08 -1.314587185394601630e-13 -6.249982116951765301e-08 3.124998023254626382e-08 3.124984345821953738e-08 6.249982116951765301e-08 -5.392568009220672872e-42 1.314587185394601630e-13 -6.249982116951765301e-08 -3.124998023254627705e-08
-3.124997239568994205e-08 3.124998023254627705e-08 1.874990627791619080e-07 3.124997239568995528e-08 2.521248148027256915e-15 -6.249982116951766624e-08 -3.124997239568995528e-08 -3.124998023254627705e-08 6.249982116951766624e-08 2.521248148027256915e-15 3.124998023254628367e-08 -3.124962160669006182e-08 3.124997239568994205e-08 -3.124998023254628367e-08 -1.249998195657817711e-07
-6.249982116951765301e-08 1.314587185394601630e-13 3.124997239568995528e-08 1.874998178319517400e-07 -3.124984625257956939e-08 -3.124997239568992881e-08 -1.249998195680927947e-07 -1.314587185295339957e-13 3.124997239568992881e-08 -3.124984625257956939e-08 1.314587185394601630e-13 -4.621673683282363182e-24 6.249982116951765301e-08 -1.314587185394601630e-13 -3.124997239568995528e-08
3.124984625257957601e-08 3.124984345821953738e-08 2.521248148027256915e-15 -3.124984625257956939e-08 1.249996630192520425e-07 -2.521248148027256915e-15 3.124984625257957601e-08 -3.124984345821953738e-08 2.521248148027256915e-15 6.249982116951765301e-08 3.124984345821953738e-08 -4.621662116961354945e-24 -3.124984625257957601e-08 -3.124984345821953738e-08 -2.521248148027256915e-15
3.124997239568992881e-08 -3.124998023254626382e-08 -6.249982116951766624e-08 -3.124997239568992881e-08 -2.521248148027256915e-15 6.249982116951765301e-08 3.124997239568992881e-08 3.124998023254625720e-08 -6.249982116951765301e-08 -2.521248148027256915e-15 -3.124998023254626382e-08 -1.369018068733115005e-40 -3.124997239568992881e-08 3.124998023254626382e-08 6.249982116951766624e-08
6.249982116951765301e-08 -1.314587185394601630e-13 -3.124997239568995528e-08 -1.249998195680927947e-07 3.124984625257957601e-08 3.124997239568992881e-08 1.249998195680928211e-07 1.314587185295339957e-13 -3.124997239568992881e-08 3.124984625257957601e-08 -1.314587185394601630e-13 -1.164752432713093635e-39 -6.249982116951765301e-08 1.314587185394601630e-13 3.124997239568995528e-08
1.314587185295339957e-13 -6.249982116951765301e-08 -3.124998023254627705e-08 -1.314587185295339957e-13 -3.124984345821953738e-08 3.124998023254625720e-08 1.314587185295339957e-13 2.499993132501875770e-07 -3.124998023254625720e-08 -3.124984345821953738e-08 -1.874994560728702346e-07 -4.252662587800530342e-24 -1.314587185295339957e-13 1.249996116628535864e-07 3.124998023254628367e-08
-3.124997239568992881e-08 3.124998023254626382e-08 6.249982116951766624e-08 3.124997239568992881e-08 2.521248148027256915e-15 -6.249982116951765301e-08 -3.124997239568992881e-08 -3.124998023254625720e-08 1.249993359662986975e-07 2.521248148027256915e-15 3.124998023254626382e-08 8.413110381512940406e-26 3.124997239568992881e-08 -3.124998023254626382e-08 -6.249982116951766624e-08
3.124984625257957601e-08 3.124984345821953738e-08 2.521248148027256915e-15 -3.124984625257956939e-08 6.249982116951765301e-08 -2.521248148027256915e-15 3.124984625257957601e-08 -3.124984345821953738e-08 2.521248148027256915e-15 6.249982116951765301e-08 3.124984345821953738e-08 -7.720048637672797664e-40 -3.124984625257957601e-08 -3.124984345821953738e-08 -2.521248148027256915e-15
-1.314587185394601630e-13 6.249982116951765301e-08 3.124998023254628367e-08 1.314587185394601630e-13 3.124984345821953738e-08 -3.124998023254626382e-08 -1.314587185394601630e-13 -1.874994560728702346e-07 3.124998023254626382e-08 3.124984345821953738e-08 1.874994560728702346e-07 4.336794152496876541e-24 1.314587185394601630e-13 -1.249996116628535864e-07 -3.124998023254629029e-08
-9.089066814200851320e-40 -5.392568009220683705e-42 -3.124962160669006182e-08 -4.621673683282363182e-24 -4.621662116961354945e-24 -1.369018068733115209e-40 -1.164752432713093635e-39 -4.252662587800530342e-24 8.413110381512940406e-26 -7.720048637672797664e-40 4.336794152496876541e-24 3.124911205538925135e-08 9.089066814200851320e-40 -4.336794152496876541e-24 -1.099863551105666778e-39
-6.249982116951765301e-08 1.314587185394601630e-13 3.124997239568994205e-08 6.249982116951765301e-08 -3.124984625257957601e-08 -3.124997239568992881e-08 -6.249982116951765301e-08 -1.314587185295339957e-13 3.124997239568992881e-08 -3.124984625257957601e-08 1.314587185394601630e-13 9.089066814200851320e-40 6.249982116951765301e-08 -1.314587185394601630e-13 -3.124997239568994205e-08
1.314587185394601630e-13 -6.249982116951765301e-08 -3.124998023254628367e-08 -1.314587185394601630e-13 -3.124984345821953738e-08 3.124998023254626382e-08 1.314587185394601630e-13 1.249996116628535864e-07 -3.124998023254626382e-08 -3.124984345821953738e-08 -1.249996116628535864e-07 -4.336794152496876541e-24 -1.314587185394601630e-13 1.249996116628535864e-07 3.124998023254629029e-08
3.124997239568994205e-08 -3.124998023254627705e-08 -1.249998195657817711e-07 -3.124997239568995528e-08 -2.521248148027256915e-15 6.249982116951766624e-08 3.124997239568995528e-08 3.124998023254628367e-08 -6.249982116951766624e-08 -2.521248148027256915e-15 -3.124998023254629029e-08 -1.099863551105666778e-39 -3.124997239568994205e-08 3.124998023254629029e-08 1.249998195657817711e-07
